
1.28646302223
1.02892613411
1.03789496422
0.849992990494
0.843026161194
1.05886912346
0.831091880798
1.10890316963
0.829053878784
0.628144025803
0.651221990585
0.623146057129
0.738133192062
0.748100042343
0.690169095993
0.559204101562
1.58663511276
0.858038902283
0.82107591629
0.713161945343
0.623102903366
0.564956903458
0.7111120224
0.688180923462
0.560220956802
0.603219032288
0.739125013351
0.657160043716
0.751153945923
0.647177219391
0.747146129608
0.68612408638
0.557212114334
0.607179880142
0.750126838684
0.686162233353
0.711128950119
0.686120033264
0.513963937759
0.756100893021
0.785136938095
0.635201931
0.598206043243
1.32376503944
0.858015060425
0.982993841171
0.697132825851
0.583181858063
0.963027954102
0.647130012512
0.642211914062
0.817044019699
0.618209838867
0.748095989227
0.651229143143
0.793781042099
0.604161024094
0.749128103256
0.649168014526
0.544252157211
0.76217007637
0.77005314827
0.868091106415
0.64616894722
0.992933034897
0.687173128128
0.671187877655
1.32669997215
0.795087099075
0.690160036087
0.623162984848
0.736160993576
0.634845972061
0.816049098969
0.582259893417
0.76806807518
0.630177021027
0.793092012405
0.606206178665
0.745091915131
1.22385501862
0.795037984848
0.689185142517
0.624221086502
0.691127061844
0.64919090271
0.581189155579
1.27378892899
0.819067001343
0.689158916473
1.30973100662
0.818079948425
0.708133935928
0.623242855072
1.50461816788
0.858049869537
0.880974054337
0.627257108688
0.627211093903
0.628152132034
